
5 0 2 0 0
0 0 0 0 38
0 3 0 0 0
0 0 2 31 0
0 0 0 0 0
0 0 38 0 0
0 0 0 0 0
0 6 0 0 0
0 0 0 0 1
10 0 0 0 0
0 0 0 0 8
0 0 0 0 0
0 0 0 8
0.9473684 0.9342774 0.8989303 0.9770065 0.2697368
5.495772e-71 NaN
0.7142857 0.9268293 0.9393939 1 1
0.9090909 1 1 1 0.981982
0.9831933 0.9736842 0.9931507 1 1
1 1 0.95 0.9393939 0.9268293
0.8571429 1 1 1 0.9863946
0.9732143 0.9831933 1 1 0.9929577
1 1 1 0.95 0.9393939
0.9268293 0.8571429 1 1 1
0.7142857 0.9268293 0.9393939 1 1
0.9090909 1 1 0.8333333 0.9382716
0.9393939 0.9620253 0.9230769 0.952381 1
1 0.04605263 0.2697368 0.2171053 0.25
0.03947368 0.07236842 0.05263158 0.05263158 0.03289474
0.25 0.2039474 0.25 0.03947368 0.06578947
0.05263158 0.05263158 0.03289474 0.2631579 0.2171053
0.2697368 0.04605263 0.06578947 0.05263158 0.05263158
0.8571429 0.9544056 0.9612936 0.9868421 0.9965753
0.9545455 1 1
sens_spec

